00000001001010100100000000100000
00100001000010010000000000001010
00000001001010100100000000100100
00110001000010010000000000001010
00000001000010010000000000011010
00111100000010000000000000001010
01110001000010010000000000000000
00000001000000000000000000010000
00000001000000000000000000010010
00000001001010100100000000001011
00000001001010100100000000001010
01110001000010010000000000000100
00000001000000000000000000010001
00000001000000000000000000010011
01110001001010100100000000000010
01110001000010010000000000011000
00000000000000000000000000000000
00000001001010100100000000100111
00000001001010100100000000100101
00110101000010010000000000001010
00000001001010100100000000100010
00000001001010100100000000100110
00111001000010010000000000001010
00000000000000000000000100001001
00010000011000100000000001100000
01010000011000100000000001100100
00010100011000100000000001101000
00000100010000010000000001101100
00011100011000000000000001110000
00011000000000000000000001110100
00000101010000000000000001111000
00010000000000000000000001010100
00010000011000100000000001010100
01010000011000100000000001010100
00011100011000000000000001100000
00011000010000000000000001100000
00010100011000100000000001100100
00000101000000000000000001100100
00000100010000010000000001100100
00000100010000000000000001101000
00001000000000000000000001101100
00000001000000000000000100001001
